r: 0.0321858173080532
K: 6.960174353689268
